[gd_scene load_steps=11 format=3 uid="uid://djhvt6wes04c8"]

[ext_resource type="PackedScene" uid="uid://bkpdmnusfa7ap" path="res://Scenes and Scripts/player.tscn" id="1_ldh5i"]

[sub_resource type="ProceduralSkyMaterial" id="ProceduralSkyMaterial_5c3df"]
sky_horizon_color = Color(0.64625, 0.65575, 0.67075, 1)
ground_horizon_color = Color(0.64625, 0.65575, 0.67075, 1)

[sub_resource type="Sky" id="Sky_x0cco"]
sky_material = SubResource("ProceduralSkyMaterial_5c3df")

[sub_resource type="Environment" id="Environment_efjyl"]
background_mode = 2
sky = SubResource("Sky_x0cco")
tonemap_mode = 2

[sub_resource type="StandardMaterial3D" id="StandardMaterial3D_pafwi"]
albedo_color = Color(0.76524, 0.37872, 0.185346, 1)

[sub_resource type="StandardMaterial3D" id="StandardMaterial3D_768a0"]
albedo_color = Color(0.409889, 0.0999968, 0.142314, 1)

[sub_resource type="StandardMaterial3D" id="StandardMaterial3D_ec6gb"]
albedo_color = Color(0.19926, 0.307048, 0.564327, 1)

[sub_resource type="StandardMaterial3D" id="StandardMaterial3D_vtw3w"]
albedo_color = Color(0.19926, 0.307048, 0.564327, 1)

[sub_resource type="StandardMaterial3D" id="StandardMaterial3D_if8om"]
albedo_color = Color(0.933326, 4.81308e-06, 9.62615e-07, 1)

[sub_resource type="WorldBoundaryShape3D" id="WorldBoundaryShape3D_1irrx"]

[node name="TestLevel" type="Node3D"]

[node name="DirectionalLight3D" type="DirectionalLight3D" parent="."]
transform = Transform3D(-0.866023, -0.433016, 0.250001, 0, 0.499998, 0.866027, -0.500003, 0.749999, -0.43301, 0, 0, 0)
shadow_enabled = true

[node name="WorldEnvironment" type="WorldEnvironment" parent="."]
environment = SubResource("Environment_efjyl")

[node name="Player" parent="." instance=ExtResource("1_ldh5i")]
transform = Transform3D(1, 0, 0, 0, 1, 0, 0, 0, 1, -2.2083, 2.79773, 8.33574)

[node name="CSGBoxes" type="Node3D" parent="."]

[node name="Walls" type="Node3D" parent="CSGBoxes"]

[node name="Boxes" type="Node3D" parent="CSGBoxes"]

[node name="Box" type="CSGBox3D" parent="CSGBoxes/Boxes"]
transform = Transform3D(1, 0, 0, 0, 1, 0, 0, 0, 1, -2.38555, 1.02492, 4.66523)
material_override = SubResource("StandardMaterial3D_pafwi")
use_collision = true
size = Vector3(5, 1, 10)

[node name="Box2" type="CSGBox3D" parent="CSGBoxes/Boxes"]
transform = Transform3D(1, 0, 0, 0, 1, 0, 0, 0, 1, -1.78751, 1.50594, -9.83236)
material_override = SubResource("StandardMaterial3D_768a0")
use_collision = true
size = Vector3(5, 2, 10)

[node name="Box3" type="CSGBox3D" parent="CSGBoxes/Boxes"]
transform = Transform3D(1, 0, 0, 0, 1, 0, 0, 0, 1, -1.37652, 2.04194, -22.6364)
material_override = SubResource("StandardMaterial3D_ec6gb")
use_collision = true
size = Vector3(5, 3, 10)

[node name="Box7" type="CSGBox3D" parent="CSGBoxes/Boxes"]
transform = Transform3D(1, 0, 0, 0, 1, 0, 0, 0, 1, -1.37652, -5.26739, -76.874)
material_override = SubResource("StandardMaterial3D_ec6gb")
use_collision = true
size = Vector3(5, 3, 12)

[node name="Box8" type="CSGBox3D" parent="CSGBoxes/Boxes"]
transform = Transform3D(1, 0, 0, 0, 1, 0, 0, 0, 1, -1.37652, -10.6006, -119.036)
material_override = SubResource("StandardMaterial3D_ec6gb")
use_collision = true
size = Vector3(5, 3, 10)

[node name="Box12" type="CSGBox3D" parent="CSGBoxes/Boxes"]
transform = Transform3D(1, 0, 0, 0, 1, 0, 0, 0, 1, -1.37652, -10.6006, -156.184)
material_override = SubResource("StandardMaterial3D_ec6gb")
use_collision = true
size = Vector3(5, 3, 10)

[node name="Box14" type="CSGBox3D" parent="CSGBoxes/Boxes"]
transform = Transform3D(1, 0, 0, 0, 0.965926, -0.258819, 0, 0.258819, 0.965926, -1.37652, -10.6006, -176.759)
material_override = SubResource("StandardMaterial3D_ec6gb")
use_collision = true
size = Vector3(5, 3, 10)

[node name="Box15" type="CSGBox3D" parent="CSGBoxes/Boxes"]
transform = Transform3D(1, 0, 0, 0, 0.866025, -0.5, 0, 0.5, 0.866025, -1.37652, -6.45649, -193.774)
material_override = SubResource("StandardMaterial3D_ec6gb")
use_collision = true
size = Vector3(5, 3, 10)

[node name="Box16" type="CSGBox3D" parent="CSGBoxes/Boxes"]
transform = Transform3D(1, 0, 0, 0, 0.707107, -0.707107, 0, 0.707107, 0.707107, -1.37652, 0.975993, -212.259)
material_override = SubResource("StandardMaterial3D_ec6gb")
use_collision = true
size = Vector3(5, 3, 10)

[node name="Box11" type="CSGBox3D" parent="CSGBoxes/Boxes"]
transform = Transform3D(1, 0, 0, 0, 1, 0, 0, 0, 1, -1.37652, -10.6006, -137.214)
material_override = SubResource("StandardMaterial3D_ec6gb")
use_collision = true
size = Vector3(5, 3, 5)

[node name="Box6" type="CSGBox3D" parent="CSGBoxes/Boxes"]
transform = Transform3D(1, 0, 0, 0, 0.965926, 0.258819, 0, -0.258819, 0.965926, -1.37652, -7.13652, -89.7692)
material_override = SubResource("StandardMaterial3D_vtw3w")
use_collision = true
size = Vector3(5, 3, 15)

[node name="Box4" type="CSGBox3D" parent="CSGBoxes/Boxes"]
transform = Transform3D(1, 0, 0, 0, 1, 0, 0, 0, 1, -1.37652, 2.04194, -46.5499)
material_override = SubResource("StandardMaterial3D_ec6gb")
use_collision = true
size = Vector3(5, 3, 22)

[node name="Box5" type="CSGBox3D" parent="CSGBoxes/Boxes"]
transform = Transform3D(1, 0, 0, 0, 0.930053, -0.367427, 0, 0.367427, 0.930053, -0.816992, 6.56557, -41.1241)
material_override = SubResource("StandardMaterial3D_if8om")
use_collision = true
size = Vector3(5, 3, 2)

[node name="Box10" type="CSGBox3D" parent="CSGBoxes/Boxes"]
transform = Transform3D(1, 0, 0, 0, 0.910388, -0.413756, 0, 0.413756, 0.910388, -0.816734, -5.89427, -119.54)
material_override = SubResource("StandardMaterial3D_if8om")
use_collision = true
size = Vector3(5, 3, 2)

[node name="Box13" type="CSGBox3D" parent="CSGBoxes/Boxes"]
transform = Transform3D(1, 0, 0, 0, 0.890515, -0.454954, 0, 0.454954, 0.890515, -0.575047, -5.89427, -155.856)
material_override = SubResource("StandardMaterial3D_if8om")
use_collision = true
size = Vector3(5, 3, 2)

[node name="Box9" type="CSGBox3D" parent="CSGBoxes/Boxes"]
transform = Transform3D(1, 0, 0, 0, 1, 0, 0, 0, 1, -1.40428, 3.42552, -52.3914)
material_override = SubResource("StandardMaterial3D_if8om")
use_collision = true
size = Vector3(5, 3, 10.3022)

[node name="DeathArea" type="Area3D" parent="."]
transform = Transform3D(1, 0, 0, 0, 1, 0, 0, 0, 1, 0, -11.8598, 0)

[node name="CollisionShape3D" type="CollisionShape3D" parent="DeathArea"]
shape = SubResource("WorldBoundaryShape3D_1irrx")

[connection signal="body_entered" from="DeathArea" to="Player" method="_on_death_area_body_entered"]
